NAME	fibroblast	erythrocyte	professional antigen presenting cell	endothelial cell
A130022J15Rik	1	1	1	89.2236741857802
A530099J19Rik	1	1	77.976591543462	1
A630007B06Rik	1	1	1	97.6764770508837
AB124611	1	1	70.4281089135273	1
AF251705	1	1	68.7050457523003	1
AI597468	102.508684409614	1	1	1
AI662270	1	1	66.1277436810751	1
AU021092	1	1	1	1195.05189490941
AW549877	62.7357396056319	1	1	1
Aaas	1	1	55.9776845673584	1
Aarsd1	71.0448165899519	1	1	1
Abca1	111.220901881836	1	1	1
Abca8a	300.920554231031	1	1	1
Abcc4	1	1	1	132.552732074641
Abcc9	95.1668843177646	1	1	1
Abcg2	1	1	1	389.291788360976
Abi3	1	1	1	53.6431566319675
Abi3bp	465.155163813051	1	1	1
Ablim3	1	1	1	82.4996509256289
Acadsb	81.8180776305142	1	1	1
Acer2	1	1	1	84.0617550562824
Acta2	2819.84958580153	1	1	1
Actr1b	1	1	1	96.0872339475918
Actr8	76.820334502146	1	1	1
Adam19	1	1	78.695897029885	1
Adam8	1	1	160.197173139865	1
Adamts1	176.132036334427	1	1	336.374353561633
Adamts2	384.965124104773	1	1	1
Adamts5	188.886167849239	1	1	1
Adamtsl4	75.7494326077679	1	1	1
Adap1	1	1	66.3441712267029	1
Adap2	1	1	65.2961026640338	1
Adcy4	1	1	1	167.115871067241
Adh1	199.427107642216	1	1	479.925144101197
Adh7	193.404098110993	1	1	1
Adora2a	1	1	96.0934419324087	1
Adrb2	1	1	165.125852085346	1
Adrbk1	1	1	140.155517628498	1
Adrbk2	1	1	67.9358109226579	1
Aebp1	764.618305895804	1	1	1
Aebp2	1	1	82.465154269112	1
Afap1l1	1	1	1	177.172790806956
Aftph	1	1	77.4331598785793	1
Ahsa2	1	1	1	44.8498814849669
Aif1	1	1	189.653035063604	1
Aim1	1	1	108.581984402465	1
Ak1	109.076342280142	1	1	1
Akna	1	1	92.8731501649186	1
Akt2	70.0167463438524	1	1	1
Alas2	1	17401.9884215934	1	1
Aldh1a1	377.15787352244	1	1	1
Aldh1a3	67.8407436203194	1	1	1
Aldh3a1	139.576786269893	1	1	1
Aldh7a1	120.41830194028	1	1	1
Alg14	1	1	1	77.6229533493551
Alkbh7	1	1	276.741762320797	1
Alox5ap	1	1	392.142950093288	1
Alpl	1	1	1	173.207013871541
Als2cl	1	1	1	70.2074631649278
Amica1	1	1	144.547754656116	1
Angptl2	137.591248923348	1	1	1
Angptl4	388.968522038185	1	1	1
Ankrd29	1	1	1	82.6969332492064
Ankrd44	1	1	90.7467981346934	1
Ankrd54	1	1	67.2359359912358	1
Antxr1	131.761382755262	1	1	1
Anxa8	135.811855789239	1	1	1
Aox3	118.584532045868	1	1	1
Ap1g2	1	1	96.6326537793974	1
Ap1s2	1	1	59.2807106027204	1
Apbb2	30.6979782409179	1	1	265.870544464696
Aplnr	1	1	1	98.6501552493338
Apobec1	1	1	104.502594185239	1
Apod	103.791338891975	1	1	1
Apol7c	1	1	577.156126421221	1
Apold1	1	1	1	572.787967876289
Aqp1	144.38254839894	1	1	875.095846444058
Aqp3	919.012876404443	1	1	1
Aqp4	91.4794997079312	1	1	1
Aqp5	532.367634145251	1	1	1
Aqp7	1	1	1	539.543636557496
Arap3	1	1	1	56.7297879188088
Arf2	38.7134732796939	1	1	150.289422352848
Arhgap15	1	1	73.9598854041365	1
Arhgap18	1	1	84.5819607704563	204.097936708495
Arhgap22	1	1	62.7499570602099	1
Arhgap27	1	1	1	41.0368329729601
Arhgap29	52.5006819765577	1	1	242.170458766369
Arhgap30	1	1	248.574062925076	1
Arhgap31	1	1	83.7122905823372	177.672224575218
Arhgap9	1	1	155.714824569009	1
Arhgef12	91.1919290158482	1	1	226.427938934261
Arhgef15	1	1	1	130.915278183855
Arhgef25	66.9046862750923	1	1	1
Arhgef3	1	1	1	120.006384238099
Arhgef6	1	1	193.390936439031	1
Arid1b	1	1	90.4137911861035	1
Arl5c	1	1	97.2402035922706	1
Arrdc1	1	1	121.489921354958	1
Art3	1	1	1	135.848323123302
Asf1b	1	1	88.7781854038141	1
Asl	1	1	93.2880531038366	1
Asnsd1	1	1	80.2607106812798	1
Asph	93.9993894616889	1	1	1
Aspn	244.460187299781	1	1	1
Aspscr1	1	1	101.084497774884	1
Atg12	1	1	1	76.5496173219827
Atg4b	1	1	59.6734508507576	1
Atp11a	101.463130566318	1	1	1
Atp1a2	115.279172051798	1	1	1
Atp1b1	170.625014805573	1	1	1
Atp2a3	1	1	89.0290846545774	1
Atp7a	60.1028980821354	1	1	1
Atp9a	79.6708331566592	1	1	1
Atxn7	1	1	1	58.0211481141044
Axl	415.411294128896	1	53.8611848482772	1
B3galnt1	81.3146331721461	1	1	1
B3gat3	97.1820624240145	1	1	1
B3gnt1	85.5963450132203	1	1	1
B3gnt3	1	1	1	119.399777943907
B3gnt9.ps	79.2411080388367	1	1	1
B4galt4	1	1	1	228.076859921004
BC013712	1	1	69.6675230305757	1
BC017612	1	1	1	128.221978852874
BC020535	1	1	1	99.5565721487022
BC035044	1	1	69.6653489031484	1
Bace1	133.392683022265	1	1	1
Bambi	1	1	1	130.19858514717
Basp1	1	1	191.823078908903	1
Batf3	1	1	67.8572023230325	1
Baz1a	1	1	92.733140319904	1
Bbs9	1	1	159.767060394498	1
Bcam	342.310573680974	1	1	377.74897629743
Bcar1	1	1	1	71.0957860808896
Bckdha	84.4024900499179	1	1	1
Bcl2	81.1057033391101	1	1	1
Bcl2a1a	1	1	63.9192196042976	1
Bcl2a1b	1	1	298.082166375324	1
Bcl2a1d	1	1	199.72235651659	1
Bcl3	1	1	68.6019927549459	1
Bdp1	1	1	1	53.4850605310925
Beta.s	1	156877.490251577	1	1
Bgn	1718.91226284636	1	1	363.570710088373
Bicc1	184.786409537851	1	1	1
Birc3	1	1	177.658636319052	1
Blnk	1	1	69.0954097893619	1
Bmp1	177.864916488767	1	1	1
Bmp2k	1	1	89.5789900575579	1
Bmpr1a	60.6392237674246	1	1	1
Bnip3l	117.271744304673	1524.12866474979	115.990306410445	233.243159248117
Bok	66.9536827710425	1	1	1
Bpgm	1	2011.84906573489	1	1
Bpifa1	1175.88603655324	1	1	1
Braf	1	1	1	89.7276290925652
Brms1	1	1	57.3745684291214	1
Bscl2	423.147307447827	1	87.5189105598092	1
Btd	79.4314861585361	1	1	1
Btk	1	1	89.8264410456256	1
Btla	1	1	63.3850514470841	1
Btnl9	1	1	1	731.512372038644
C130074G19Rik	1	1	1	133.827399508007
C1galt1c1	1	1	1	69.4451781467855
C1qa	1	1	490.59144117883	1
C1qb	1	1	1115.58350967136	1
C1qc	1	1	522.812010759963	1
C1qtnf1	163.27129943975	1	1	1
C1qtnf2	131.106610219041	1	1	1
C1qtnf7	59.1260597762253	1	1	1
C1qtnf9	1	1	1	223.299280546208
C1ra	538.302444161044	1	1	1
C1s	807.484160298623	1	1	1
C2	83.4838491074407	1	1	1
C230096C10Rik	213.141941746225	1	1	1
C2cd2	1	1	1	79.9575771940428
C3	3567.18182255499	1	94.2309011491161	1
C4b	302.711505665	1	1	1
C7	232.435724886454	1	1	1
Cacna1s	1	1	56.49296883577	1
Cacnb3	1	1	191.823746381798	1
Cadm1	1	1	93.9797233269559	1
Calcrl	1	1	1	263.903604344523
Camk1d	1	1	99.9811167252158	1
Caml	1	1	89.0947710714662	1
Camsap2	69.6664722754124	1	1	1
Car2	1	205.87007165112	1	1
Car4	1	1	1	598.774636788432
Car7	1	1	1	328.38378512671
Caskin2	1	1	1	109.279565836381
Casp1	1	1	95.9575651367941	1
Casp12	74.3396241464228	1	1	1
Casp2	1	1	84.4554881837568	1
Casp6	1	1	98.2439725911228	1
Cav1	303.263174894208	1	1	2229.7396650266
Cav2	85.7028388878865	1	1	391.174485179381
Cblb	1	1	96.487359402479	1
Ccdc109b	1	1	109.844892533676	1
Ccdc127	72.569207462839	1	1	1
Ccdc3	116.245661313493	1	1	1
Ccdc80	1732.78208772523	1	1	136.726621415729
Ccdc82	1	1	1	58.0266903288373
Ccdc85a	1	1	1	88.9573733891555
Ccdc85b	48.6936517373354	1	1	197.461091002863
Ccl11	200.321908457274	1	1	1
Ccl17	1	1	361.695078611249	1
Ccl22	1	1	1681.98492401981	1
Ccl5	1	1	3348.36799857734	1
Ccl6	1	1	507.842903685029	1
Ccl9	1	1	335.712914766224	1
Ccndbp1	49.3984867428002	666.984415436244	111.366552639598	108.364702312519
Ccr2	1	1	108.075079735108	1
Ccr7	1	1	1293.25062794284	1
Ccrl2	1	1	1	155.238406308327
Cd14	1	1	189.301643497966	1
Cd151	280.635104309212	1	1	579.17769834093
Cd163	1	1	69.7972755170123	1
Cd2	1	1	97.5220905737078	1
Cd200	227.310132885618	1	17.3044771552845	1719.93366656319
Cd209a	1	1	1001.34027545541	1
Cd248	428.743237752003	1	1	1
Cd300a	1	1	101.544983978491	1
Cd300lg	1	1	1	1021.11311458423
Cd34	1223.20203026587	1	1	846.633954920389
Cd36	1	543.843529258283	297.987795695924	3473.19875425989
Cd37	1	1	383.386516609619	1
Cd38	1	1	61.1435820243228	526.7936097968
Cd40	1	1	120.531784514098	1
Cd48	1	1	287.401277837025	1
Cd52	1	1	674.277050368992	1
Cd53	1	1	422.08934990678	1
Cd55	284.694121679316	1	1	1
Cd59a	1	1	1	230.579278632501
Cd63	793.020353056771	1	320.825852998248	1
Cd68	1	1	436.473013611199	1
Cd74	462.963938850014	188.174550167166	16635.9844597894	1
Cd79a	1	1	312.928628911844	1
Cd79b	1	1	460.120590599296	1
Cd83	1	1	669.046655996092	1
Cd84	1	1	74.8168397215516	1
Cd86	1	1	118.563018395504	1
Cd8a	1	1	292.262571342551	1
Cd93	1	1	1	886.985779159438
Cdc14a	1	1	1	78.6947283366716
Cdc16	93.4793811634283	1	1	1
Cdc42ep1	31.4617999288637	1	1	318.846509358648
Cdc42ep2	93.9909488763775	1	1	391.446004916141
Cdc42ep4	1	1	1	212.851833312378
Cdh11	111.436892274304	1	1	1
Cdh13	100.350237688839	1	1	500.19579380409
Cdh5	1	1	1	558.788047619277
Cdk16	73.4612214644342	1	1	1
Cdk17	1	1	1	74.4468815584375
Cdkn1c	111.372782218271	1	1	226.806792219314
Cdkn2d	1	1	68.2555739031554	1
Cdon	91.7211582947668	1	1	1
Ceacam1	1	1	1	297.297411383531
Cep350	1	1	64.6535687864025	1
Cercam	84.3541565881853	1	1	1
Ces1d	835.927984472666	1	1	1
Ces2g	88.6568825775137	1	1	1
Cfb	380.634503850552	1	1	1
Cfh	696.981055754368	1	68.3527581595876	1
Cfp	1	1	380.915550889758	1
Cgnl1	1	1	1	70.5815507695689
Chka	1	1	84.602551404444	1
Chpf	159.293352101366	1	1	1
Chrdl1	173.032154049243	1	1	1
Chst14	80.2988745223187	1	1	1
Chst15	1	1	1	71.2754255412067
Chst2	1	1	1	111.356714659164
Ciao1	79.9978178284806	1	1	1
Ciita	1	1	111.399245720365	1
Ckmt1	138.338930839727	1	1	1
Cks1b	1	1	60.5798444015167	1
Cldn1	1	1	94.1470679730759	1
Cldn10	82.2571783350935	1	1	1
Cldn15	1	1	1	217.175068189397
Cldn5	1	1	1	1197.28798471637
Clec10a	1	1	201.419692933627	1
Clec11a	177.1660717621	1	1	1
Clec12a	1	1	180.377776631062	1
Clec14a	1	1	1	386.375234485436
Clec1a	1	1	1	316.353483116977
Clec3b	584.407036428671	1	1	1
Clec4a3	1	1	82.8537641964137	1
Clec7a	1	1	206.39891451752	1
Clic5	1	1	1	185.514919934676
Clip3	100.677831757605	1	1	1
Clip4	73.2881539423653	1	1	1
Cln5	1	1	51.7722307782531	1
Cmpk2	1	1	1	209.501079996711
Cmtm7	69.8435055634803	1	229.380491011218	1
Cmtm8	1	1	1	155.21960367069
Cnn3	669.479249335194	1	1	1059.56202823886
Cno	1	1	1	56.2472769994414
Cnp	111.344722045538	1	253.140785063337	1
Col13a1	1	1	1	49.3212073629435
Col14a1	535.030325539949	1	1	1
Col16a1	79.3789869665077	1	1	1
Col18a1	88.0515894342636	1	1	1
Col1a1	1341.747809367	1	1	1
Col1a2	2528.66782468719	1	1	1
Col3a1	3248.19858704579	1	1	1
Col4a1	171.671895396577	1	1	544.004948342633
Col4a2	148.094081618308	1	1	445.694968555111
Col4a5	78.1522485139704	1	1	1
Col4a6	62.3940332866693	1	1	1
Col5a1	148.457551713136	1	1	1
Col5a2	232.736352918437	1	1	1
Col6a1	832.439525488652	1	1	1
Col6a2	797.883118612465	1	1	1
Col6a3	187.959869904718	1	1	1
Col8a1	122.45229637307	1	1	1
Colec12	396.98644528333	1	1	1
Coro1a	1	1	1515.1436038647	1
Coro7	1	1	115.786719823328	1
Cotl1	53.3132004620664	1	236.331906163679	1
Cp	259.77248954009	1	1	1
Cpe	900.70245375519	1	1	293.629756184053
Cpsf3l	1	1	76.9708361392186	1
Cpxm1	202.900365771737	1	1	1
Cpxm2	148.689513232179	1	1	1
Crip2	762.592943755437	1	63.3056016704319	1527.29707104651
Crispld1	1	1	1	86.0637484091227
Crispld2	200.639716678117	1	1	1
Crlf3	1	1	144.041401953897	1
Cryab	102.279682297254	1	1	1
Csf1r	1	1	433.229633832275	1
Csf2ra	1	1	105.338931666463	1
Csf2rb	1	1	289.073423836042	1
Csf2rb2	1	1	62.9756408325313	1
Csrp2	364.828538567106	1	35.6928609799151	1
Ctgf	150.92386887547	1	1	1
Ctla2a	1	1	77.8551866683916	537.133915641229
Ctla2b	1	1	1	105.772840758195
Ctnnbip1	1	1	1	104.592395401097
Ctnnbl1	1	1	129.755005814553	1
Ctnnd1	57.1056196475735	1	1	153.925378551354
Ctsc	86.8400283878992	1	686.198753394331	1
Ctsf	151.805157533614	1	1	1
Ctsk	109.352725499028	1	1	1
Ctss	1	1	1298.70357286094	1
Cxcl12	528.625963055099	1	1	809.837557914065
Cxcl16	91.3604777994219	1	661.23181938506	1
Cxcr7	381.281784119918	1	1	157.468171600118
Cxxc5	67.9228188089588	1	1	1
Cybasc3	59.9782813471392	1	333.54427097795	1
Cybb	1	1	254.300708187795	1
Cyfip2	1	1	97.3307071348497	1
Cygb	208.288481090278	1	1	1
Cyhr1	88.8241162750947	1	1	1
Cyp1b1	150.053221131831	1	1	1
Cyp2d22	21.6013233466614	1	1	197.926428050226
Cyp2f2	7739.47693504381	1	1	1
Cyp4b1	199.866775835941	1	1	924.547673188968
Cyp4v3	1	1	68.3304075547197	1
Cyp51	1	1	70.6087206614861	1
Cyr61	276.761167764803	1	1	325.602496356259
Cysltr1	1	1	100.342607139503	1
Cyth4	1	1	162.22895637787	1
Cytip	1	1	247.847659931411	1
Cytl1	1	1	1	1766.66048981385
Cyyr1	1	1	1	118.771853275829
D14Ertd668e	54.4131193913933	1	1	229.441434178967
D730005E14Rik	1	1	77.9649398549964	1
Dab2ip	1	1	1	106.172094656895
Dag1	93.4514405076449	1	1	1
Dapk2	1	1	1	102.219539706282
Dapp1	1	1	145.783710465049	1
Dbn1	68.5504211412872	1	1	1
Dcaf12	90.7772554247	296.612423636261	73.9691670739656	1
Dclk1	126.047048452729	1	1	1
Dcn	9302.38438445007	204.206200658713	174.29627052771	1
Ddr2	449.340965195498	1	1	1
Ddx41	1	1	1	89.5999582874764
Ddx49	1	1	51.8861826755267	1
Ddx54	1	1	118.319071733589	1
Dennd3	1	1	1	100.376746254347
Dennd5b	1	1	1	98.312805059398
Des	199.076472501795	1	1	1
Dgcr2	68.7499516021718	1	1	1
Dgkd	1	1	58.5987178418717	1
Dhx16	1	1	59.4911191570248	1
Dkk2	1	1	1	129.539525758182
Dkk3	347.752938387442	1	42.057387206112	1
Dlc1	123.439053119116	1	1	284.59206177723
Dll4	1	1	1	173.271663364168
Dnajb4	80.9144132270752	1	1	1
Dnajc9	1	1	154.892682273427	1
Dnase1l1	71.6980008822074	1	1	1
Dnase1l3	1	1	245.890979813312	1
Dock10	1	1	162.94058126382	1
Dock2	1	1	76.967698601897	1
Dock7	75.7249105913966	1	1	1
Dock8	1	1	58.5027433807264	1
Dock9	1	1	1	119.991397863225
Dok1	1	1	65.9056610477312	1
Dok2	1	1	68.2616168592128	1
Dok4	1	1	1	112.930742516132
Dpep1	475.980108289438	1	1	1
Dpp7	95.1984655949544	1	1	1
Dpp8	1	1	1	64.5501096704894
Dpt	1794.34549555765	1	1	1
Dpysl3	233.767278051526	1	1	1
Dtd1	1	1	1	55.0454912103338
Dusp2	1	1	170.427958092043	1
Dusp23	1	1	1	34.790030110281
Dusp3	103.434516948443	1	1	765.769229071292
Dusp6	113.092415712435	1	1	254.434359025482
Dym	1	1	71.7083809803437	1
Dysf	1	1	1	90.5786458736725
ERCC.00002	5926.94255180308	54409.1536739955	10911.6564058811	11232.8180349605
ERCC.00003	265.762024832498	2445.09175587317	874.05284295646	463.084177405127
ERCC.00004	774.74922431701	7936.93256840131	1180.80921719853	1678.08046153363
ERCC.00009	326.55127141507	6234.45979392341	2211.77594163203	844.142175993865
ERCC.00022	62.8147573068309	603.364724892719	77.4661208672959	157.844503795756
ERCC.00042	230.967266481713	1556.71394931004	156.167269145707	313.5165045824
ERCC.00043	146.122245862521	1470.59736001974	149.345096817196	164.310975549988
ERCC.00044	1	572.952646395711	238.939977765087	135.505830846628
ERCC.00046	525.226282310522	6740.14908416738	1137.46438047859	1651.31041325483
ERCC.00060	39.9222376201241	291.536998226838	45.0970046728202	59.9584773512955
ERCC.00071	1	260.419403334886	109.982582565344	1
ERCC.00074	2997.03607252226	36954.2073504978	6329.74350985249	8130.0551757437
ERCC.00076	133.750777485065	842.243874375168	292.915620817014	114.096415605516
ERCC.00092	101.849064188118	1173.545067164	156.412306749788	635.839861732918
ERCC.00095	15.8652573798813	299.997277548593	55.7389764356123	83.9014514604073
ERCC.00096	7456.18372067019	73414.8184558375	15704.4668040356	17648.5235200666
ERCC.00108	976.807782478268	6668.95411066708	1551.64061628059	1410.25142588554
ERCC.00111	286.956472032109	2253.99185139787	655.207879441786	267.976660174219
ERCC.00112	1	669.648904806322	1	1
ERCC.00113	1622.93413947164	18224.1222300082	2781.99578169965	3051.85832227272
ERCC.00116	72.2127802749283	767.375824336171	1	275.675268254095
ERCC.00130	5829.67729616757	50375.7021586358	11523.4853807278	10882.5011127635
ERCC.00131	1	590.336670038654	1	100.957484931655
ERCC.00136	965.796583391102	6221.57428661118	1960.22543089717	1165.32955738748
ERCC.00145	131.527411464243	2157.03473751752	394.937267682079	404.336653385848
ERCC.00165	1	400.133698201442	1	1
ERCC.00171	578.347622069035	5202.76078231664	925.044847894177	1155.9285066873
Ebf2	69.4429667845481	1	1	1
Ebi3	1	1	93.4976548060637	1
Ecm1	879.543915046535	1	1	120.541847214464
Ecm2	183.291095501373	1	1	1
Ecscr	1	1	1	365.781945159914
Ednra	61.4653321412652	1	1	1
Ednrb	1	1	1	828.238492478043
Efcab4a	1	1	1	191.964176377274
Efemp1	503.79608876907	1	1	1
Efemp2	324.932746464251	1	1	1
Efhd2	74.3129681740195	1	392.47880649243	1
Efna1	1	1	1	393.981302422187
Efnb1	1	1	1	140.932053329976
Efnb2	1	1	1	209.443621923077
Efr3b	1	1	1	52.0447166024043
Egfl7	1	1	1	975.920035683091
Egfr	121.019016234593	1	1	1
Ehd2	276.676279590881	1	1	537.465180137008
Ehd3	1	1	1	2303.43560477522
Ehd4	1	1	125.713640882641	499.182648994459
Eif2ak2	1	1	1	65.18703853934
Eif2b2	1	1	92.9159936830559	1
Elk3	1	1	1	181.359307821402
Eln	361.703032718441	1	1	1
Elp2	1	1	132.613037979	1
Eltd1	1	1	1	653.337696648662
Emb	264.484259529175	1	1	1
Emcn	1	1	1	2847.6815260272
Emilin2	182.836126689571	1	1	1
Emp2	185.802295198525	1	1	1
Emr1	1	1	151.415477943698	1
Eng	83.657084944666	1	1	1752.14888865908
Eno3	1	1	180.585059531753	1
Enpp2	1202.94394833321	1	1	1
Enpp4	1	1	1	172.150854797702
Entpd1	1	1	82.6659179342402	301.374150149483
Entpd2	326.917036431899	1	1	1
Epas1	450.458274168141	1	1	483.935267997015
Epb4.1	1	882.328629140134	1	91.0185657950265
Epdr1	126.39346789165	1	1	1
Ephb4	1	1	1	98.966787553776
Epn2	1	1	1	218.757842155633
Epsti1	1	1	706.711344646275	1
Erg	1	1	1	83.2788267124568
Ero1lb	1	1	84.2589828869646	1
Errfi1	403.394335043602	1	1	1
Esam	1	1	1	2215.11420405435
Esm1	1	1	1	1012.16174347052
Etl4	37.0010847011805	1	1	155.14502790221
Ets2	63.0951510516559	1	1	233.530250577923
Etv3	1	1	100.503476438384	1
Etv6	1	1	135.566752340902	1
Evi2a	1	1	182.992225906474	1
Evi2b	1	1	185.677544186451	1
Exoc6b	72.349060805384	1	1	1
Ext1	73.0149340433669	1	1	1
Eya2	101.354972862219	1	1	1
F2r	69.5113221559278	1	1	289.498627869704
F3	1361.16002226813	1	1	1
F8	1	1	1	154.451400716756
Fabp4	1	782.599976305738	1	6629.21700000789
Fads3	266.296909105985	1	1	1
Fam101b	39.0863509882772	1	1	488.533526174665
Fam102b	74.955892371677	1	1	1
Fam105a	1	1	186.618360065518	1
Fam114a1	130.977908579337	1	1	1
Fam117b	1	1	1	208.829980470778
Fam164a	84.5664180109416	1	1	1
Fam167b	1	1	1	479.429904421967
Fam171a1	35.6148700903748	1	1	171.920088192665
Fam174b	1	1	1	86.6823086037505
Fam188a	1	1	1	104.765908657361
Fam38a	1	1	64.9225922408192	1
Fam38b	1	1	1	63.3816942581352
Fam40b	1	1	107.74460001648	1
Fam43a	1	1	1	134.714143228439
Fam46c	1	970.464090686668	52.7526158033455	1
Fam49a	1	1	234.00229218022	1
Fam49b	1	1	221.025500388973	1
Fam60a	1	1	58.3503740413565	1
Fam65a	1	1	1	85.0070235992709
Fam69a	1	1	63.0883873647702	1
Fam70b	1	1	1	174.923310076166
Fap	88.1613960088265	1	1	1
Farsa	1	1	84.989887635797	1
Fas	1	1	82.0658020863998	254.002755579644
Fat1	117.124758987114	1	1	1
Fbln1	1362.22889027113	1	1	1
Fbln2	781.483565591771	1	1	232.263323091869
Fbln5	581.015977615809	1	1	409.997840723013
Fbln7	89.4337357259574	1	1	1
Fbn1	1275.20184542321	1	1	1
Fbxl3	76.4061698217675	1	1	1
Fbxo3	97.8840140068193	1	1	1
Fcer1g	1	1	549.175417375685	70.9030852892219
Fcgr2b	1	1	293.484547307989	1
Fcgr3	1	1	151.975912328576	1
Fcrla	1	1	64.6857656026229	1
Fdps	1	1	77.8614649218034	1
Fech	92.3396778305034	1871.96514084473	1	1
Fen1	1	1	74.033466009172	1
Fermt2	101.341652764444	1	1	196.628559558022
Fermt3	1	1	260.408690794795	1
Fes	1	1	78.5516403173752	1
Fez2	84.218138189965	1	1	372.978534546926
Fgd2	1	1	180.114787767527	1
Fgd5	1	1	1	151.767379670343
Fgfr2	78.0685525873676	1	1	1
Fhl1	617.524682763278	1	1	153.624354183467
Fibin	92.5607782016823	1	1	1
Figf	136.915566868842	1	1	1
Filip1	1	1	1	45.375315125494
Fkbp10	138.336394610674	1	1	1
Fli1	1	1	61.5099174119281	250.691020716824
Flna	450.050153284006	1	162.602486898962	1
Flot2	149.599961470041	1	1	1
Flrt2	262.019206595005	1	1	1
Flt1	1	1	1	1566.39389932894
Flt3	1	1	230.507819550071	1
Flt4	1	1	1	127.911259997756
Fmnl3	1	1	1	78.0746625211076
Fmo1	100.202958070059	1	1	404.739814519654
Fmo2	371.943057601043	1	1	81.6830295917903
Fmod	894.487709544688	1	1	1
Fn1	1713.3396078113	1	1	1
Fnbp1	1	1	188.969216981564	1
Fndc1	392.131790749819	1	1	1
Fndc3b	113.767475246566	1	1	1
Foxp2	68.850770265474	1	1	1
Frmd6	83.1979010695442	1	1	1
Fry	1	1	1	91.8129072687651
Fscn1	1	1	543.732843939198	65.7213171253627
Fst	120.072365910423	1	1	1
Fstl1	1279.18257929689	1	1	186.343279404772
Fuca2	1	1	78.7584052458997	1
Fxyd1	125.430178859775	1	1	1
Fxyd3	105.474593101318	1	1	1
Fxyd6	154.238464525931	1	1	1
Fyb	1	1	90.9732340991158	1
Fzd1	76.0751474826239	1	1	1
Fzd4	49.261241110184	1	1	194.242227207323
Fzr1	1	1	74.1450499493755	1
G0s2	110.258954907374	1	1	1
Gabra3	120.814699723041	1	1	1
Gadd45b	1	1	110.166695306879	1
Galnt2	107.391413914221	1	1	1
Galntl1	72.0090988879566	1	1	1
Gart	1	1	66.8957514928593	1
Gas1	656.273713868435	1	1	1
Gas6	373.224125126765	1	1	381.422682874715
Gata2	1	1	1	146.87309514595
Gata6	74.6801373723028	1	1	1
Gatm	1	1	147.448082352885	1
Gbp3	1	1	54.6126269708448	280.734345899562
Gbp7	35.3301837759168	1	1	370.499564255053
Gbp8	1	1	71.0391249123534	1
Gcc2	1	1	1	50.3217497615958
Gcg	1	34.0865623437845	1	1
Gclc	114.594482669076	1	1	1
Gclm	89.3144051534263	86.1972622541161	1	1
Gdf10	460.873522320483	1	1	1
Gem	137.726843692779	1	1	1
Gfpt2	372.8918825335	1	1	1
Ggcx	88.3627281993458	1	1	1
Ggta1	1	1	1	101.73250970935
Gimap1	1	1	83.8820573715944	328.887604406686
Gimap3	1	1	83.9626652263774	1
Gimap4	1	1	81.890934071568	730.374405938728
Gimap5	1	1	1	272.410010560679
Gimap6	1	1	110.02732191266	1333.53970259621
Gimap8	1	1	1	77.6826340265617
Gimap9	1	1	1	68.4689415324406
Git1	1	1	1	56.5159416547546
Glcci1	1	1	96.9786223717561	1
Glipr1	1	1	121.995135133201	1
Glrx	1	1	64.6968005799876	1
Glt25d2	1	1	1	73.4873283661692
Glt8d1	87.336707442815	1	1	1
Gm11428	1	1	122.060945619254	1
Gm13157	1	1	64.7770632678883	1
Gm16039	1	1	52.7171562577687	1
Gm2a	177.280646094821	1	1707.08721883082	78.4427116978367
Gm4902	1	1	292.220714006726	1
Gm4980	101.939540782969	1	1	1
Gm9766	1	1	1	79.9146214362389
Gmfg	1	1	76.771651936017	1
Gna11	159.522462862678	1	1	496.680624824441
Gng10	58.0931128329604	1	259.70373283327	1
Gng11	44.2017139532071	1	1	539.682026498464
Gng2	1	1	60.0280448986525	1
Gngt2	1	1	21.2448644378843	149.359021879763
Gnpda1	1	1	126.187022103893	1
Gnpda2	1	1	1	96.754056656808
Gnptg	83.2569539483581	1	1	1
Golph3l	1	1	90.3748221213484	1
Gopc	1	1	1	65.396764024635
Got1	1	1	69.9532476470216	1
Gpaa1	111.11251092826	1	1	1
Gpc3	349.0620177481	1	1	1
Gpc6	100.445581915409	1	1	1
Gpihbp1	1	1	1	2317.73505640074
Gpm6b	119.771545670829	1	1	1
Gpr116	1	1	1	842.169905839348
Gpr133	185.05823290726	1	1	1
Gpr137b	1	1	80.3422240477095	1
Gpr137b.ps	1	1	78.8097588159019	1
Gpr146	1	1	1	143.611127317651
Gpr171	1	1	132.294722454199	1
Gpr180	65.4962355033021	1	1	1
Gpr182	1	1	1	151.116867422642
Gpr183	1	1	194.282854714243	1
Gpr4	1	1	1	230.385100271541
Gpr56	1	1	1	265.237657777816
Gprc5a	130.252505952672	1	1	1
Gpx3	1269.36980488389	1	1	1
Gpx7	131.272530085627	1	1	1
Gpx8	259.025372541049	1	1	1
Grap	1	1	165.120532200772	299.133657316509
Grasp	1	1	1	73.888006974869
Grrp1	1	1	1	140.597467589368
Gsn	20718.8691505032	341.393565121263	450.291893964676	62.8599678713566
Gsta3	132.647200628087	1	1	1
Gsta4	217.015548346357	1	1	1
Gstm2	534.766372964112	1	1	1
Gstm5	99.4499610930358	1	1	1
Gstt1	207.786398812392	1	1	1
Gstt2	1	1	1	79.218046458961
Gstt3	73.8942901750516	1	1	1
Gtf2h1	1	1	48.3601019605726	1
Gtpbp1	1	1	107.391871830001	1
Gyg	1	1	121.21778199706	1
H2.Aa	241.595879833806	1	11992.3626927061	1
H2.Ab1	199.150266341664	1	16081.7793855176	1
H2.DMa	1	1	1185.21006332174	1
H2.DMb1	1	1	749.306920152752	1
H2.DMb2	1	1	560.260942198592	1
H2.Eb1	1	1	7364.34152308006	1
H2.M2	1	1	202.194261027739	1
H2.Oa	1	1	188.195824417306	1
H2.Ob	1	1	295.494025065618	1
H2.Q6	1	1	249.601193719561	317.560320793813
H2.T24	1	1	1	95.1873247978687
Haao	1	1	79.7601570784039	1
Hat1	1	1	65.444088402105	1
Haus8	1	1	128.460759816753	1
Havcr2	1	1	90.2705509782987	1
Hba.a1	1	8567.89954729395	1	1
Hba.a2	1	41.3197964269238	1	1
Hbb.b1	1	22795.5894431463	1	1
Hbb.b2	1	153.824720737482	1	1
Hbegf	1	1	1	92.0860076085017
Hck	1	1	242.35414057274	1
Hcls1	1	1	252.216339240243	1
Hecw2	1	1	1	73.1190672730856
Hepacam2	1	1	118.051524327918	1
Herc4	1	1	68.526123692713	1
Herc6	1	1	1	88.6125772950063
Hes1	18.4942713649778	1	1	160.274311422747
Hhex	1	1	1	84.3569502955736
Hip1	1	1	1	153.291202635119
Hipk2	1	1	1	82.2607541888509
Hmgcs2	222.192183716386	1	1	1
Hmha1	1	1	244.997912391864	1
Hmox1	1	1	67.4078981126476	1
Hp	362.878513194227	1	1	1
Hpgd	1	1	71.7184441680035	1
Hrct1	1	1	1	120.84585909716
Hsd11b1	81.5173398826483	1	1	1
Hsdl1	1	1	141.992057293132	1
Hsdl2	1	1	60.9477795614835	1
Hspa12b	1	1	1	184.116352945478
Hspa14	1	1	64.4801589519421	1
Hspa1b	1	1	62.0892926864049	1
Hspa4l	94.6719981082463	1	1	1
Hspb1	232.115964171212	1	1	1079.19571927729
Hspb8	116.327398964232	1	1	1
Htra1	394.973336669977	1	1	1
Htra3	640.372379510753	1	1	1
Hvcn1	1	1	138.315472965468	1
Hyal2	62.8213221147598	1	1	375.879073738032
Hydin	1	93.6770537316511	1	1
Ica1	1	1	1	129.093212093192
Icam2	1	1	1	700.366997727728
Id1	119.280382995476	1	1	469.948886696815
Id3	546.764717018946	1	1	1520.10568231404
Idh2	116.434703745972	1	1	1
Ifi204	72.8011532475644	1	1	1
Ifi30	64.5166324117403	1	817.459077038784	1
Ifi44	1	1	1	499.231314496308
Ifi47	1	1	59.5202934324712	199.284835607041
Ifih1	43.0755370681738	1	1	162.280064888954
Ifit1	1	1	1	241.859587705062
Ifit2	49.324942158421	1	1	189.403999561042
Ifit3	47.8998909005926	1	1	194.968572770787
Ifitm1	256.004904015234	1	1	1
Igf1	293.088327030291	1	1	1
Igf2r	89.2715259855952	1	1	1
Igfbp3	1	1	1	896.372490548499
Igfbp5	1099.58329702985	1	1	639.704790884599
Igfbp6	1444.35570460521	1	1	1
Igfbp7	1499.0976866121	1	1	1455.89046216843
Igsf10	127.688284367104	1	1	1
Igsf3	78.2504119011793	1	1	1
Igsf6	1	1	87.7366953219382	1
Igsf8	72.7704192294511	1	1	1
Igtp	34.8415152140161	1	1	160.81618735221
Iigp1	1	1	1	253.035739940346
Ikbip	131.294838131292	1	1	1
Ikbkb	1	1	93.1590301281817	1
Il10ra	1	1	78.8943726986686	1
Il11ra1	610.013641928484	1	57.7403852668824	1
Il15ra	1	1	96.1228318762873	1
Il16	1	1	101.232413958248	1
Il17rc	78.8120465364101	1	1	1
Il1r1	170.096380053921	1	1	1
Il21r	1	1	181.072022361711	1
Il2rg	1	1	399.436391352691	255.47527231124
Il6ra	1	1	76.9036861551129	1
Il6st	285.618529562632	1	1	61.2549547046747
Ildr2	83.8976093348183	1	1	1
Impad1	76.2606033176852	1	1	1
Impdh1	1	1	1	81.4574807828426
Inmt	926.430057487624	1	1	1
Inpp5d	1	1	95.449239455266	1
Ins2	1	22.8026148973681	1	1
Insr	1	1	1	289.523045638461
Ipo11	1	1	1	101.75837521278
Ipo4	76.3227399721944	1	1	1
Irak4	1	1	89.8652771729303	1
Irf5	1	1	332.697367963081	1
Irf8	1	1	673.508779323908	75.2183328426003
Irx3	1	1	1	83.1822643430234
Isca1	38.9367429712717	686.118742410791	65.5892030857302	79.6701710155005
Isg20	1	956.251846883721	1	1
Islr	613.918571344799	1	1	1
Itch	1	1	92.5765635355526	1
Itga1	1	1	1	222.497885561263
Itga4	1	1	110.405701822133	1
Itga6	1	1	1	156.190690392599
Itgae	1	1	117.376171812387	1
Itgal	1	1	64.7285070317286	1
Itgax	1	1	94.8630083211678	1
Itgb2	1	1	414.122729408098	1
Itgb4	94.3863491431863	1	1	1
Itgb7	1	1	360.444900810721	1
Itgbl1	218.977544906589	1	1	1
Itih5	207.508047066948	1	1	1
Itm2a	200.125653087745	1	1	1
Itpkb	1	1	1	101.969917785759
Itpr2	1	1	1	85.6898771004772
Itprip	1	1	1	97.1105871186276
Itpripl1	1	1	125.983685492618	229.885429063959
Jak2	1	1	112.568975737339	1
Jak3	1	1	1	91.8747119648427
Jam2	43.8118563893334	1	1	768.030232069414
Jup	96.3333774788737	1	48.1323775921192	714.490030960474
Kank3	1	1	1	350.014083086221
Kazald1	80.4360492464613	1	1	1
Kcnj8	102.667991884972	1	1	1
Kctd12b	1	1	1	132.174349654602
Kdelc2	135.53279212483	1	1	1
Kdelr3	121.030485529497	1	1	1
Kdr	1	1	1	2061.62286477037
Kitl	57.4300909171507	1	1	393.845606664999
Klf4	123.21158286405	1	1	229.519760062548
Klf7	28.2291467230925	1	1	167.693611196301
Klf9	158.945843425452	1	1	232.784878974975
Klhdc2	84.068516072205	1	1	1
Klrd1	1	1	72.3191279932542	1
Kmo	1	1	103.756466220867	1
Kpna2	1	1	115.807848277991	1
Krt15	589.619161230753	1	1	1
Krt18	225.771378346859	1	1	1
Krt19	514.266424805222	1	1	1
Krt5	254.142726453519	1	1	1
Krt7	171.382253241703	1	1	1
Krt8	249.223241239196	1	1	1
LOC545261	1	1	1	62.810095722745
Lama2	156.752438823223	1	1	1
Lamb1	211.410465750442	1	1	1
Lamb2	280.481199234313	1	1	76.0813477099295
Lancl1	105.345053625916	1	1	1
Laptm5	1	1	1529.27307914663	1
Lass4	1	1	1	105.708543317974
Lat2	1	1	97.9581341568004	1
Lbp	75.0066968256961	1	1	1
Lcp1	1	1	1096.60136136971	1
Lcp2	1	1	102.261891312365	1
Ldb2	1	1	1	137.150290754166
Ldhb	288.382576461177	1	1	1
Lect1	307.429621347827	1	1	1
Lepre1	80.7482179029322	1	1	1
Leprel2	147.24803626094	1	1	1
Leprel4	85.3193275309314	1	1	1
Lgals1	2051.44338671963	1	355.698062548993	1
Lgals3	128.928825429276	1	394.702699185577	1
Lhfp	507.103282495055	1	1	1
Lifr	97.5273473325079	1	52.2591251389584	800.456084471138
Lig1	1	1	102.290151359505	1
Lilrb3	1	1	137.098557281353	1
Lilrb4	1	1	62.0947508567522	1
Lima1	143.029039514915	1	1	209.148420691608
Limch1	1	1	1	255.49088379487
Limd2	1	1	217.575512072986	1
Limk2	80.3182760388247	1	1	1
Lims2	168.350948405642	1	1	1226.58512318756
Lmbr1	72.0352117782929	1	1	1
Lmcd1	1	1	1	205.768922600737
Lmnb1	1	1	65.1212452303832	1
Lmo2	1	1	30.0887823578822	263.523401892036
Lnx1	1	1	1	131.070813988769
Loxl1	431.038386391315	1	1	1
Loxl2	109.003739528507	1	1	1
Loxl3	133.709688914238	1	1	1
Lpar1	208.603222805201	1	1	1
Lpar6	1	1	1	144.97928338325
Lphn2	1	1	1	85.7601292042728
Lpl	288.366211359047	1	1	936.297746441672
Lpxn	1	1	157.720137514869	1
Lrg1	1	1	1	420.848189295141
Lrmp	1	1	93.1776598357707	1
Lrp1	362.584726633261	1	1	1
Lrrc17	308.324771460507	1	1	1
Lrrc25	1	1	59.4322660215283	1
Lrrc32	1	1	1	91.513828293025
Lrrc3b	1	1	1	105.611969730996
Lrrc8a	45.1921131382705	1	1	263.624420290588
Lrrc8c	1	1	79.0542919030766	216.993461724921
Lrrk1	1	1	127.650894044239	1
Lrrn4cl	104.049213930175	1	1	1
Lsp1	114.911157885245	1	3290.86373018736	1
Ltb	1	1	168.263813206374	1
Ltbp1	430.99401775771	1	1	1
Ltbp3	175.990773784551	1	1	1
Ltbp4	502.370030120351	1	1	407.997692119457
Lum	701.116148538574	1	1	1
Luzp1	55.0740189060157	1	1	215.321405204357
Ly6c1	622.439631066758	1	1	5576.96210865996
Ly6d	1	1	257.328192173219	1
Ly86	1	1	381.275882701738	1
Ly9	1	1	107.483521291498	1
Lypd2	99.2342110868263	1	1	1
Lyst	1	1	84.1016018903765	1
Lyz2	1	798.547190101353	6033.30906439633	1
Mafb	1	1	154.258017675843	1
Maged2	243.962813054679	1	1	1
Mal	1	1	1	79.6805317660505
Mal2	101.488017268018	1	1	1
Man2b2	122.473496946229	1	1	1
Map4k1	1	1	117.297107047309	1
Mapk12	1	1	1	93.9853667616452
March2	188.534813271926	1041.40558923702	136.174481235562	221.846133403116
Marcksl1	1	1	244.595016258488	73.0758033939685
Mark2	1	1	61.6154230235617	1
Mars	1	1	83.2608664796421	1
Matn2	128.655893643563	1	1	1
Mboat7	1	1	57.2267166426805	1
Mbtps1	76.7744738197905	1	1	1
Mcam	1	1	1	150.904972304429
Mcc	1	1	1	192.441884375689
Mcf2l	1	1	1	74.6486875708732
Mcm4	1	1	54.3498567275715	1
Mcm5	1	1	133.067780262308	1
Mcm6	1	1	115.692590767202	1
Mcm7	1	1	72.2940980378269	1
Mdm2	1	1	60.6856668532304	1
Mdp1	1	1	60.6436330615424	1
Med15	1	1	122.232558823357	1
Mef2a	51.0316383897686	1	1	239.770041300567
Meis1	69.3717000864629	1	1	1
Meis2	17.8885949937992	1	1	114.957774373127
Meox2	1	1	1	173.268820792174
Mettl7a1	170.031132899413	1	1	1
Mfap1a	1	1	1	53.7644327714958
Mfap2	122.252298879419	1	1	1
Mfap4	1024.89713354841	1	1	1
Mfap5	1447.39733079221	1	1	1
Mfng	1	1	1	89.0123853151536
Mgat4a	87.5407886279667	1	1	1
Mgl2	1	1	451.604449944014	1
Mgll	72.2569897221875	1	1	1139.06004367866
Mgst1	405.493808168386	1	1	83.5445784716372
Mgst3	1	1	1	49.72111273393
Mkl2	60.6068624739142	1	1	162.178643019013
Mkrn1	49.6546984144805	2237.37058236241	205.042722445071	60.8398519100035
Mllt4	48.1155812516568	1	1	210.106156225985
Mlx	1	1	1	57.4063644817842
Mlxip	1	1	1	65.4142959589773
Mmp14	204.510069948928	1	1	1
Mmp2	1275.08168536565	1	1	1
Mmp23	353.584159544989	1	85.1100252708408	1
Mmrn2	1	1	1	759.099135973775
Mob3a	1	1	289.51268308103	1
Morc3	1	1	87.4503367648503	1
Mpeg1	1	1	382.18154802898	1
Mprip	118.40509522523	1	1	252.792915056278
Mpzl1	1	1	1	298.314554721908
Mrc1	1	1	211.192433448526	1
Mrc2	87.8499070915735	1	1	1
Mreg	1	1	90.7118481389101	1
Ms4a1	1	1	167.845571464526	1
Ms4a4c	1	1	106.082317467025	1
Ms4a4d	101.697362000079	1	1	1
Ms4a6b	1	1	158.490474982977	1
Ms4a6c	1	1	222.169699678853	1
Ms4a6d	1	1	141.412422666251	1
Mt2	133.466576399135	1	1	1
Mtap1a	73.2966879111052	1	1	1
Mthfd2	1	1	84.1959138062062	1
Mthfs	1	1	81.8352577075	1
Mtmr2	1	1	1	55.9012978916345
Mtus1	1	1	1	105.730067521853
Mtx2	1	1	53.3815892204189	1
Mustn1	98.2273349072705	1	1	1
Mxd1	1	1	149.307469741937	1
Mxra7	74.454693480824	1	1	1
Mxra8	646.049110838542	1	1	156.324565220438
Mybbp1a	1	1	100.652346117638	1
Myct1	1	1	1	178.040916813361
Myl9	596.074478421542	1	1	1
Mylip	1	1	1	233.315697195713
Myo10	1	1	1	220.833766197744
Myo18a	1	1	1	144.140438339612
Myo1b	1	1	1	90.7084756634358
Myo1f	1	1	134.610204201268	1
Myo1g	1	1	429.550166186842	1
Myo6	1	1	1	168.990690983733
Myo9b	1	1	107.658772783619	1
Myof	124.572837184755	1	1	1
N4bp1	1	1	1	52.7170888981761
N4bp2l1	1	1	157.512875791736	1
Naaa	100.063555951162	1	549.99287299915	1
Naga	70.3161812871878	1	264.100335913885	1
Nans	1	1	82.3402827788193	1
Napsa	1	1	435.639434898733	1
Nbl1	508.629040492778	1	1	1
Nbr1	81.2688005970548	1	1	1
Ncf1	1	1	135.242120082806	1
Ncf2	1	1	136.339367652874	1
Ncf4	1	1	190.208186563883	1
Nckap1l	1	1	143.857052072328	1
Ncoa1	72.9336643655415	1	1	1
Ncoa4	16.3896213012843	81.8280597572592	1	1
Ndn	170.555849031743	1	1	1
Ndrg1	126.092662158001	1	1	213.625598057695
Ndrg2	139.308986733873	1	1	1
Nedd9	1	1	1	115.466595655153
Nek6	1	1	103.39906200823	1
Nelf	80.9886276577892	1	1	1
Nes	1	1	1	121.676756000879
Net1	81.6303713284895	1	362.240265864108	1
Nf2	1	1	1	56.7321046313691
Nfib	439.696382968994	1	1	296.985232554967
Nfix	186.871407588131	1	1	1
Nfkb2	1	1	138.07229082203	1
Nfkbib	1	1	143.372363205712	1
Ngdn	1	1	82.2000331102197	1
Nhsl2	1	1	1	55.2283555931317
Nid1	849.8645741939	1	1	181.570452564064
Nin	1	1	1	54.8318450319483
Nkain4	383.669601530944	1	1	1
Nme3	75.697661899358	1	1	1
Nnmt	80.63521879485	1	1	1
Nop14	1	1	107.794332271226	1
Nos3	1	1	1	135.856247966586
Notch1	60.0181768671722	1	1	322.070770037708
Notch4	1	1	1	65.5751587797801
Nov	73.8457081386349	1	1	1
Npr2	79.4572649959376	1	1	1
Npr3	1	1	1	229.888930612958
Nr1d1	170.524582658365	1	1	1
Nrp1	164.683713952389	1	107.583883110366	2271.92872305905
Ntn1	82.5138448698771	1	1	1
Ntrk2	173.16780920203	1	1	1
Nuak2	1	1	79.0440603346744	1
Nubp1	1	1	61.3460756601398	1
Nudt17	1	1	228.855728900357	1
Nup54	1	1	81.608921791681	1
Nup85	1	1	76.1857807526361	1
Nup93	1	1	83.3800729145889	1
Nupr1	233.325021682015	1	1	1
Oaf	135.603208735473	1	1	1
Oas1a	1	1	1	100.709263787775
Oasl2	21.5724710650429	1	1	161.40598952546
Ogfrl1	1	1	141.221919241302	1
Ogn	577.977489035787	1	1	1
Olfm1	1	1	79.0187535028058	1
Olfml2b	371.345708505351	1	1	1
Olfml3	498.427888052616	1	1	1
Omd	153.203641031374	1	1	1
Oplah	77.6675816390402	1	1	1
Osr1	162.679492988518	1	1	1
P2ry6	1	1	114.655370642067	1
P4ha2	65.9690321665079	1	1	1
Pak1	1	1	105.801657369044	1
Palm	49.8395110076997	1	1	208.699073730797
Palmd	1	1	1	234.571472929772
Pam	330.424539769164	1	1	125.381197174572
Pamr1	67.2587960138987	1	1	1
Paqr4	1	1	1	72.0086679610069
Pard3	199.033155436731	1	1	1
Parn	68.6647757329211	1	1	1
Parp1	1	1	74.7566246548321	1
Parp3	96.713535987625	1	1	1
Parvg	1	1	115.084209506743	1
Pbx1	141.926098143613	1	1	337.698290456905
Pcdh17	1	1	1	121.984074681654
Pcgf5	1	1	86.1484822458649	1
Pcolce	982.4711262646	1	1	1
Pcolce2	427.352471958101	1	1	1
Pcsk5	81.3101431792346	1	1	1
Pcsk6	202.774295131344	1	1	1
Pcyt2	1	1	69.4815912184546	1
Pde2a	1	1	1	276.704382105969
Pdgfb	1	1	1	150.899234431804
Pdgfd	1	1	1	58.6881834746519
Pdgfra	205.871068232347	1	1	1
Pdgfrb	87.2992687349292	1	1	1
Pdgfrl	162.292270239414	1	1	1
Pdia5	27.9958010720377	1	1	212.98647844721
Pdlim4	138.845985196312	1	1	1
Pdpn	219.303287085056	1	1	1
Pecam1	1	1	1	1295.17964375895
Penk	340.020264276203	1	1	1
Pepd	43.5268920489978	1	232.527857732309	1
Perp	168.17598804724	1	1	1
Pes1	1	1	77.2500448694526	1
Pf4	1	1	214.34522506614	1
Pfkfb3	1	1	95.4694759282093	1
Pgap2	1	1	104.911200124824	1
Pgcp	369.12051326446	1	97.3978250201558	1
Pglyrp1	1	1	75.9605211176814	1
Phf11	1	1	105.225766313479	1
Phlda3	122.392211980466	1	1	1
Pi16	2384.45028506842	1	1	1
Pik3ap1	1	1	66.8999766035671	1
Pik3r2	69.4249922446608	1	1	1
Pik3r3	1	1	1	75.478917189893
Pik3r5	1	1	111.770342296863	1
Pim3	57.458051971368	1	1	262.809607925008
Pip5k1c	1	1	64.1134163653593	1
Pitpnc1	1	1	1	265.946836441664
Pja1	95.6875312746609	1	1	1
Pkib	1	1	73.7838080672462	1
Pkp3	1	1	118.904722495426	1
Pkp4	1	1	1	142.364338488977
Pla1a	241.712878110555	1	1	1
Plaur	1	1	1	88.1561824618035
Plbd1	1	1	1466.38908338341	1
Plcb1	1	1	1	78.7325673587407
Plcb4	1	1	1	182.277286614582
Plcg1	1	1	1	86.5687319439032
Plcg2	1	1	97.6879486855031	1
Pld4	1	1	517.959936053397	1
Plek	1	1	150.161040847862	1
Plekha3	66.0959819606361	1	1	1
Plekhf1	66.1241284130829	1	1	1
Plekhg1	1	1	1	98.2585043134167
Plk1s1	76.347307875595	1	1	1
Plk2	1	1	1	231.511226395652
Plod1	72.4377243594755	1	1	285.272030663626
Plod2	63.9385671706696	1	1	1
Plscr2	1	1	1	323.559659121716
Plvap	1	1	1	1971.79238996461
Plxdc2	460.188620296407	1	63.1615247078191	1
Plxna2	1	1	1	103.182408845759
Plxnc1	1	1	76.6747470190302	1
Plxnd1	1	1	1	79.5025484458388
Pmaip1	1	1	217.053849288309	1
Pmepa1	81.9052639055206	1	1	1
Pmp22	780.448328782218	1	1	221.585814096905
Pmpca	1	1	65.7446409474151	1
Podn	100.635383424625	1	1	1
Podxl	1	1	1	440.73909587831
Pola2	1	1	1	109.414574050521
Poldip2	76.1891170765558	1	1	1
Polr3c	1	1	103.372651938717	1
Polr3gl	1	1	1	41.2134130627777
Pon3	90.1078692835927	1	1	1
Postn	403.993575716294	1	1	1
Ppa2	73.463462215045	1	1	1
Ppap2a	203.218262299544	1	1	3668.59962810888
Ppap2b	1231.43272727298	1	1	3220.84179030012
Pparg	1	1	1	141.047760865047
Ppfia4	1	1	95.9261025920348	1
Ppm1f	1	1	1	71.8186715518465
Ppm1k	1	1	81.1560305003245	1
Ppm1m	1	1	128.339372065507	1
Ppp1r13b	1	1	1	73.7999950666964
Ppp1r15b	1	1	1	77.229983440868
Ppp1r16b	1	1	1	189.837567560139
Ppp4r1	1	1	67.666469622864	1
Prelp	335.322033673612	1	1	1
Prex1	1	1	106.184046289115	1
Prex2	1	1	1	181.587222100451
Prkcb	1	1	162.949486461771	1
Prkcd	1	1	154.338607229476	1
Prkcdbp	464.767678871722	1	1	491.582618396459
Prkch	1	1	1	169.09547334752
Prpf3	1	1	55.6025477291646	1
Prpf31	1	1	68.5536929738321	1
Prrx1	162.072890633779	1	1	1
Prss23	372.809996148514	1	1	1
Ptger4	1	1	81.2538547862572	1
Ptges	66.4361845974571	1	1	1
Ptgfr	181.080946971605	1	1	1
Ptgfrn	89.7891843988966	1	1	1
Ptgis	587.609765472622	1	1	1
Ptp4a3	1	1	77.5208864176165	261.986646559927
Ptpn18	1	1	190.13623972163	1
Ptpn2	1	1	81.5443544207189	1
Ptpn22	1	1	67.825425686605	1
Ptpn6	1	1	475.834682965231	1
Ptpn7	1	1	68.3979970933592	1
Ptprb	1	1	1	1107.26798465321
Ptprc	1	1	356.301576777707	1
Ptprcap	1	1	169.782631870671	1
Ptprf	195.432085680548	1	1	1
Ptprg	1	1	1	162.473639535352
Ptprm	1	1	1	97.5777652026367
Ptpro	1	1	62.2505637912824	1
Ptprr	1	1	1	101.187691940991
Ptpru	1	1	1	190.57050501401
Ptrf	626.892963387746	1	1	2048.89795409081
Pvrl2	33.7503392230757	1	1	129.093184412757
Pydc3	1	1	1	66.5087741030958
Pygb	63.9760346284603	1	1	1
Pyhin1	1	1	127.421199384421	1
Qrich1	1	1	60.8565537412953	1
R3hdm1	1	1	1	67.9734545602157
Rab32	1	1	177.823315415591	1
Rab34	131.401263793679	1	1	1
Rab8b	1	1	92.0333093933375	1
Rabggta	1	1	58.3205285724649	1
Rac2	1	1	653.669573435241	1
Ramp1	1	1	80.3796780535232	1
Ramp2	108.260508564591	1	1	708.249441612615
Ramp3	1	1	1	353.758069678285
Rapgef2	1	1	1	79.5541499765775
Rapgef3	1	1	1	147.154750907893
Rapgef4	1	1	1	51.6554469855626
Rapgef5	1	1	1	77.9541302941199
Rarb	1	1	1	72.4774709175482
Rarres2	523.192501694987	1	1	1
Rasa4	1	1	94.9619939255982	1
Rasal2	1	1	1	121.216741897484
Rasal3	1	1	72.6869788801503	1
Rasd1	1	1	1	138.814585007629
Rasgrp3	1	1	28.3851583680554	248.739574165357
Rasip1	1	1	1	438.861775995438
Rassf1	1	1	1	147.475887392542
Rassf4	1	1	248.322007989733	1
Rbfox2	109.220370836372	1	1	1
Rbms3	182.809720642091	1	1	1
Rbp1	314.174384516854	1	1	1
Rbp7	1	1	1	137.224704900584
Rcn1	280.6195317496	1	1	77.658411637933
Rcn3	644.188488141086	1	1	63.1266685218659
Rdbp	1	1	69.2581545585392	1
Reg3g	192.546847820523	1	1	1
Relb	30.6438269166701	1	391.034211641776	1
Rell1	1	1	1	71.2674933011834
Rfc2	1	1	109.6181785911	1
Rgl1	1	1	1	127.462947144551
Rgl2	1	1	1	60.1805208009026
Rgs1	1	1	511.402015703749	1
Rgs10	1	1	164.660527174516	1
Rgs19	1	1	135.972219768713	1
Rgs2	1	1	136.018487663656	1
Rgs3	1	1	1	56.271534398168
Rhob	42.7846589425213	1	1	203.481386266555
Rhoj	212.854634613984	1	1	269.902484882972
Rhot1	1	1	84.4687133060013	1
Rif1	69.499253890242	1	1	1
Riok3	41.2436312288024	178.930355595737	66.8088471534464	1
Ripply3	1	1	1	103.487869073953
Rnase4	731.373649254973	1	1	80.5397309733086
Rnase6	1	1	186.05415124117	1
Rnf10	69.8261998909926	223.497780088166	49.2809539429113	52.4059618003407
Rnf125	1	1	1	212.159122173079
Rnf139	91.9342119682215	1	1	1
Rnf144a	44.0677332062948	1	1	176.71578835838
Rnf19b	1	1	126.433347657686	1
Rnf216	1	1	1	98.934864141085
Robo4	1	1	1	387.590754717803
Rogdi	1	1	430.802277475283	1
Rpa1	1	1	132.480200037306	1
Rps6ka1	1	1	125.633071652018	1
Rrs1	76.1681246287427	1	1	1
Rsad2	1	256.503453697524	1	835.815903066842
Rtp3	1	1	1	86.1186825163219
Rtp4	1	1	1	215.907454742056
Ryr1	1	1	54.9145525820981	1
S100a16	314.645749899085	1	1	598.026803714672
S100a4	75.6009754522976	1	288.014216634031	1
S1pr1	1	1	1	884.638383827791
Samsn1	1	1	240.905186230056	1
Sash3	1	1	209.48853097098	1
Sbno2	1	1	104.105560817949	1
Scara3	389.557698069576	1	1	1
Scara5	497.656732241982	1	1	1
Scarb1	1	1	1	552.985963468152
Scarf1	1	1	1	119.587349236254
Scd1	277.720095914372	1	1	1
Scgb1a1	347.76670520509	1	1	1
Scgb3a2	116.048972222355	1	1	1
Scn7a	129.561777199952	1	1	1
Sdc1	170.458211592448	1	1	1
Sdc2	306.021961589708	1	1	1
Sdc4	627.604549042219	1	166.188504239405	1
Sdccag3	1	1	1	101.904249915772
Sdf2l1	45.2066787235809	1	209.823583105919	1
Sdhaf2	1	1	117.04927745447	1
Sdpr	319.462716913383	1	1	1436.08941258224
Sec14l3	88.0682165712899	1	1	1
Sec24d	98.3803684969306	1	1	1
Selenbp1	417.591312577307	1	1	1
Sell	1	1	90.7551548825976	1
Selplg	1	1	982.719303413523	1
Sema3b	137.858476190454	1	1	1
Sema3c	160.867032714763	1	1	1
Sema3f	1	1	1	75.4014511270313
Sema4a	1	1	112.111198008884	1
Sema5a	72.4716125674743	1	1	1
Sema6a	1	1	1	111.244229162282
Sema7a	1	1	1	111.024000843198
Senp1	1	1	116.20328460074	1
Sepn1	83.9653077064678	1	1	1
Sept10	1	1	1	50.5494982119469
Sept4	1	1	1	309.760298068971
Sept6	1	1	174.87046071633	1
Sept9	1	1	77.9157608935834	1
Serpina3g	1	1	125.631155121589	1
Serpina3n	91.5303440038145	1	1	1
Serpinb6b	1	1	182.856306514101	1
Serpine2	195.653912974213	1	1	1
Serpinf1	1781.78507650567	1	1	1
Serping1	3225.83112754506	1	1	1
Sertad1	1	1	1	142.863569037687
Sertad2	1	1	1	104.813980142842
Sfn	98.0824794449306	1	1	1
Sfpi1	1	1	339.66115364142	1
Sfrp1	204.184023711019	1	1	1
Sfrp2	120.733525444346	1	1	1
Sfrp4	941.109433818997	1	1	1
Sgk1	130.001362896079	1	53.0869751043746	1489.01188795371
Sh2b3	1	1	1	48.122669030993
Sh2d3c	1	1	67.0646739677757	317.166579279643
Sh3bp1	1	1	100.563772830598	1
Sh3bp5	37.0382137046711	1	1	286.843800313681
Sh3d19	94.7697383281958	1	1	1
She	1	1	1	176.768671990082
Sigirr	1	1	23.9050681530103	161.45479814205
Sirt7	1	1	139.204573627292	1
Sla	1	1	134.870831582551	1
Slamf7	1	1	294.88094975989	1
Slamf8	1	1	112.789540780366	1
Slamf9	1	1	211.73947108438	1
Slc10a6	76.8905813219134	1	1	1
Slc12a4	75.6201176564368	1	1	1
Slc15a2	128.20841187223	1	1	1
Slc16a2	87.1064768276036	1	1	1
Slc1a5	259.423555036588	1	49.1824790123107	1
Slc25a37	1	929.410737132693	1	1
Slc25a39	154.877206274284	1450.79011400199	166.24124211469	156.798486078175
Slc28a2	1	1	1	62.0198127929
Slc2a6	1	1	88.8531525950854	1
Slc43a3	511.905246677391	1	1	1025.13865435104
Slc44a1	116.775307947583	1	1	1
Slc46a3	1	1	125.616356038712	1
Slc9a3r1	1	1	82.3889463942806	1
Slc9a3r2	39.5571878656749	1	1	1739.78674709097
Slfn5	51.5845312944526	1	1	432.543085207252
Slit3	124.865810302268	1	1	1
Smad7	1	1	1	40.6580783726309
Smagp	1	1	1	72.6442803612049
Smg7	1	1	1	59.9459707971746
Smo	99.6731941074422	1	1	1
Smoc2	390.105567090235	1	1	1
Snca	1	2721.92536272384	1	1
Sncaip	1	1	1	79.3653355264649
Sncg	1	1	1	53.247815898381
Snrk	62.3373415429553	1	49.7856956002851	909.928228173367
Snrnp25	1	1	85.0644500879931	1
Snx10	1	1	89.388108705936	1
Snx13	1	1	1	62.6163821874285
Snx20	1	1	137.271777432568	1
Snx21	87.8421002275759	1	1	1
Sod3	700.737658602445	1	1	1
Sorbs1	54.3412991011027	1	1	279.042869240247
Sowahc	1	1	59.0556163387244	1
Sox17	1	1	1	279.68334446258
Sox18	1	1	1	916.862892321104
Sox7	1	1	1	79.676267437277
Sox9	77.6038063298355	1	1	1
Sp140	1	1	47.784797184602	1
Sparcl1	384.829595360839	1	1	1269.53987385308
Spib	1	1	137.036366676051	1
Spint1	1	1	61.0166785725181	1
Spon1	73.9118728773125	1	1	1
Spon2	238.681993748967	1	1	1
Spry4	1	1	1	92.1381895689219
Srpx	196.767628304225	1	1	1
Ssbp2	85.5952152666612	1	1	1
Sspn	69.7500294584927	1	1	1
St3gal6	1	1	1	173.525029418107
St6galnac2	1	1	1	118.246056986117
St8sia4	1	1	69.2375439291676	1
Stam2	117.813034261826	1	1	1
Stard3	1	1	75.7729761676215	1
Stard8	1	1	1	84.1432276636009
Stbd1	149.401378998123	1	1	1
Steap3	78.5230493179576	1	1	1
Steap4	136.26657013649	1	1	1
Stk10	1	1	62.7871460940443	1
Stk17b	39.2358055251466	1	216.148383257917	1
Stk4	1	1	111.833731341323	1
Stmn1	1	1	170.628458500495	1
Stmn2	1	1	1	98.9772364258841
Stom	1	1	1	81.7185507632772
Strbp	1	1	80.172971606813	1
Stx11	1	1	48.6280045598489	1
Stxbp2	1	1	114.547457473186	1
Sulf1	108.825448435485	1	1	1
Sult1d1	201.249274217365	1	1	1
Susd3	1	1	105.09019301121	1
Suv420h1	1	1	1	58.7100062106953
Svep1	151.985784119126	1	1	1
Svil	65.2189782937993	1	1	1
Syk	1	1	188.024397060586	1
Syt11	79.9569245366718	1	1	1
Tacc3	1	1	64.1292608887878	1
Tagap	1	1	70.0987527517758	1
Tanc1	1	1	1	57.7203097270497
Tank	1	1	125.747275186167	1
Taok2	1	1	1	73.4426503816469
Tbc1d10c	1	1	143.111775124749	1
Tbc1d4	1	1	185.911973399616	1
Tbc1d8	1	1	79.2861120791779	1
Tbc1d9	1	1	102.829736266213	1
Tbxa2r	1	1	1	381.128648187012
Tbxas1	1	1	110.192885737308	1
Tceal8	91.571851378184	1	1	1
Tcf15	1	1	1	265.666025506486
Tcirg1	1	1	1	100.938061396868
Tek	1	1	1	389.332781121177
Tes	1	1	141.496852444999	1
Tfdp2	42.0681326719479	169.206767586148	1	1
Tgfb2	102.971523617325	1	1	1
Tgfb3	152.775997241478	1	1	1
Tgfbi	375.833746749266	1	423.148424640108	1
Tgfbr3	176.120248707621	1	1	1
Tgm2	234.215165784944	1	1	574.416383787574
Tgs1	1	1	55.4298092617586	1
Tgtp1	1	1	1	162.141118898141
Tgtp2	1	1	1	194.968935439828
Thbd	181.917081966108	1	1	412.41650091969
Thbs2	306.599389576072	1	1	1
Thbs3	263.479901201542	1	1	1
Thoc3	1	1	65.7051116061154	1
Thoc5	1	1	91.0998103700092	1
Thoc6	1	1	78.2692153343708	1
Thrsp	1	1	1	646.852345675428
Thsd1	1	1	1	65.2968461342046
Tie1	1	1	1	558.135393024622
Tifa	1	1	101.397997850983	1
Tifab	1	1	91.7725549916607	1
Timp2	1753.83397834988	1	149.50747590811	1
Timp3	746.293820671881	1	1	4206.62706719191
Timp4	1	1	1	691.283764040346
Tinagl1	166.640824371902	1	1	1802.56649585212
Tjp1	51.8533465088587	1	1	146.351446242856
Tm4sf1	168.010118690458	1	1	3015.6720397789
Tm7sf3	112.678179692086	1	1	1
Tm9sf4	119.996728108404	1	1	1
Tmc4	101.859662399528	1	1	1
Tmeff2	170.999879911568	1	1	1
Tmem100	135.728318238621	1	1	1
Tmem106a	1	1	73.9796346848122	1
Tmem119	272.955172172032	1	1	1
Tmem140	1	1	1	66.5848032295389
Tmem2	1	1	1	86.2364707252858
Tmem204	60.4951499738821	1	1	1012.03994214223
Tmem26	1	1	1	85.2251490478347
Tmem45a	75.3404006719064	1	1	1
Tmem63a	83.3047305706317	1	1	1
Tmem8	1	1	68.956850603601	1
Tmem88	1	1	1	680.407110085431
Tmem9	89.4825376700448	1	1	1
Tmem98	150.357271759318	1	1	1
Tmtc1	61.4672150035381	1	1	1
Tnfaip3	1	1	118.373437285023	1
Tnfaip8l1	1	1	1	71.7432719043913
Tnfaip8l2	1	1	78.9939727060523	1
Tnfrsf18	1	1	95.7366346570602	1
Tnfrsf1b	1	1	223.726460082099	1
Tnfrsf9	1	1	121.518263499218	1
Tnfsf10	1	1	1	179.154888704718
Tnxb	319.120807535555	1	1	1
Top2a	1	1	85.228100905148	1
Tox4	1	1	64.534133046081	1
Tpd52	1	1	108.799240606859	1
Tpm2	356.427336451988	1	1	1
Traf1	1	1	280.320803559726	1
Trex1	1	1	185.522164561383	1
Trib2	1	1	1	141.620874750138
Trim12a	1	1	59.3341411294358	1
Trim30a	1	1	112.157833717366	220.792729906568
Trim34a	1	1	1	94.4745186511052
Trim37	1	1	1	51.1097776955008
Trim47	88.2797420545986	1	1	354.654544478822
Trip6	83.9156904408847	1	1	1
Trp53i11	1	1	1	124.704368218857
Trpv2	1	1	90.2983972356267	1
Tsc22d1	455.043732680293	1	45.1108213693598	1798.60421684271
Tspan1	156.611577301132	1	1	1
Tspan11	160.787569977112	1	1	1
Tspan12	91.2068725740666	1	1	283.758017692765
Tspan13	1	1	197.799928601212	836.80207299648
Tspan14	1	1	58.7857185117832	156.882455802762
Tspan15	1	1	1	348.626487302433
Tspan18	1	1	1	81.4339938793586
Tspan33	1	1	69.0026126879185	1
Tspan6	1	1	1	112.835423725922
Tspan7	1	1	1	515.755872507478
Tspan9	62.0935084239599	1	1	198.734313631933
Tst	111.815404655444	1	1	1
Tsta3	1	1	81.4884931228143	1
Ttc39a	1	1	75.0683830541751	1
Ttc5	1	1	50.6042104148534	1
Ttc9c	1	1	62.2789842644612	1
Ttn	1	116.777890529418	1	1
Ttyh2	76.8002660031223	1	1	1
Tuba1c	82.2843321486767	1	325.920592389119	1
Tuba4a	1	1	51.3955990002129	1
Tubgcp2	65.3483107190847	1	1	1
Tusc2	72.624758544646	1	1	1
Twsg1	166.900899935919	1	1	1
Tyk2	1	1	70.3697849118045	1
Tyrobp	1	1	583.517591793676	1
Uaca	1	1	1	174.041737617349
Ube2f	1	1	137.180860942412	1
Ube2l6	52.3353132659492	2841.70882866045	180.264693862195	113.899625304314
Ube2o	1	331.953388911218	1	1
Ucp1	1	775.836382809205	1	1
Ugdh	207.996338715653	1	1	1
Ugp2	119.379756650108	1	1	1
Unc119	1	1	102.942315368549	1
Unc45b	1	1	1	228.854356689113
Unc5b	1	1	1	59.0933791861953
Upp1	1	1	1	173.108947039733
Ushbp1	1	1	1	512.756735282177
Usp3	1	1	101.051833719455	1
Uvrag	1	1	64.2795702235729	1
Vac14	1	1	104.370391223921	1
Vamp5	47.6599007648952	1	1	202.695232359402
Vasn	107.468934271357	1	1	1
Vav1	1	1	112.829086000821	1
Vcan	190.462061316407	1	1	1
Vhl	1	1	77.3394475419402	1
Vit	76.3470083190118	1	1	1
Vldlr	77.0875907486723	1	1	1
Vopp1	1	1	1	66.6084951162269
Vps16	1	1	63.3545649465527	1
Vrk1	1	1	116.157751270869	1
Vrk2	1	1	72.2111527735932	1
Vrk3	1	1	75.950380236304	1
Wbp1	66.2326375298965	1	1	1
Wdfy4	1	1	231.000181446628	1
Wdsub1	78.6237925818973	1	1	1
Wfdc1	309.314850010408	1	1	1
Wfdc2	1146.29258973963	1	1	1
Wisp2	143.940202491638	1	1	1
Wls	410.742216564528	1	1	89.0421685005283
Wnt4	281.197174352149	1	1	1
Wwtr1	285.362688444727	1	1	247.524241792571
X1110059E24Rik	1	1	1	128.380164341544
X1190002H23Rik	1	1	1	3341.02710780025
X1300014I06Rik	1	1	1	127.251277890098
X1810011O10Rik	1	1	1	1035.93457772508
X1810033B17Rik	1	1	84.8495429727852	1
X2510003E04Rik	73.4907823745826	1	1	1
X2610019F03Rik	1	1	1	144.674214837126
X2610305D13Rik	1	1	1	53.1069691065307
X2810025M15Rik	1	1	1	149.32317659827
X2810453I06Rik	34.6272058488995	600.488781049024	1	1
X2900026A02Rik	1	1	1	76.5690651728574
X3632451O06Rik	80.0670527942426	1	1	1
X4931406P16Rik	30.8892405715774	1	1	206.05960609024
X4933433P14Rik	1	1	1	90.3862611412604
X5031439G07Rik	1	1	83.9553932480701	1
X5430417L22Rik	1	1	1	112.788441755371
X5730469M10Rik	1	394.696341023691	1	1
X6230427J02Rik	1	1	1	109.253415883382
X6330406I15Rik	111.382121911021	1	1	1
X6330409N04Rik	1	1	1	49.9335863119104
X6430548M08Rik	1	1	1	65.7401742831147
X8430408G22Rik	1	1	1	2366.77467336082
X9030425E11Rik	84.9566479919452	1	1	1
X9430020K01Rik	80.5745451665364	1	1	401.805441149065
X9530082P21Rik	1	1	1	54.8542181525447
Xcr1	1	1	185.232478910353	1
Xpo1	1	1	59.6396854608286	1
Xrcc1	1	1	44.9569064633234	1
Yaf2	1	1	1	84.739565120489
Yes1	1	1	1	69.5024367287974
Zbtb38	1	1	1	73.9475029023742
Zc3h12d	1	1	120.434725162457	1
Zcchc24	85.4801397985247	1	1	1
Zcchc6	1	1	1	46.6111929699679
Zdhhc1	81.8043586450471	1	1	1
Zdhhc7	73.0730581005329	1	1	1
Zfp260	106.438863872005	1	1	1
Zfp358	1	1	1	62.2776895612759
Zfp637	85.8932537349914	1	1	1
Zfp704	61.9581526695994	1	1	1
Zkscan3	1	1	92.1324311137519	1
Zmynd15	1	1	187.902522476114	1
Znrf1	1	1	1	41.1885134555156
